106

1	2	2	38
2	77	1	7	8	10	14	15	17	18	20	22	24	26	27	28	30	31	32	34	35	38	40	41	42	43	45	48	50	51	54	55	57	58	59	61	62	64	66	67	68	71	75	77	78	79	80	82	83	84	96	99	101	108	112	122	147	155	164	166	172	175	181	184	187	196	199	202	208	215	219	225	228	244	276	278	283	284	346
3	4	38	67	71	181
6	1	38
7	6	2	34	38	67	166	181
8	2	2	38
9	1	166
10	3	2	38	166
13	1	38
14	3	2	38	166
15	3	2	38	181
17	3	2	38	166
18	2	2	166
20	2	2	38
22	3	2	38	122
24	2	2	38
26	4	2	34	38	166
27	2	2	38
28	5	2	34	38	166	181
29	1	38
30	2	2	38
31	4	2	38	166	181
32	4	2	80	196	245
34	17	2	7	26	28	38	40	42	55	71	107	122	166	181	215	221	225	289
35	3	2	38	166
38	78	1	2	3	6	7	8	10	13	14	15	17	20	22	24	26	27	28	29	30	31	34	35	40	42	43	45	48	50	54	55	58	59	61	62	64	66	67	68	71	75	77	82	83	84	89	101	105	109	112	122	126	131	155	164	166	175	181	184	192	196	199	204	215	219	221	225	244	254	256	264	267	270	276	278	283	284	286	387
40	4	2	34	38	166
41	1	2
42	4	2	34	38	166
43	2	2	38
45	5	2	38	67	166	181
48	3	2	38	166
50	4	2	38	166	181
51	2	2	166
54	3	2	38	304
55	4	2	34	38	166
57	2	2	166
58	3	2	38	166
59	3	2	38	101
61	5	2	38	122	166	181
62	3	2	38	166
64	4	2	38	166	181
66	5	2	38	67	166	181
67	8	2	3	7	38	45	66	122	166
68	4	2	38	166	405
71	8	2	3	34	38	122	155	166	181
75	3	2	38	166
77	2	2	38
78	1	2
79	1	2
80	2	2	32
82	2	2	38
83	3	2	38	166
84	2	2	38
89	1	38
96	1	2
99	1	2
100	1	196
101	5	2	38	59	166	181
105	1	38
107	1	34
108	1	2
109	1	38
112	3	2	38	166
122	11	2	22	34	38	61	67	71	166	181	184	196
126	1	38
131	1	38
147	1	2
155	4	2	38	71	166
164	2	2	38
166	42	2	7	9	10	14	17	18	26	28	31	34	35	38	40	42	45	48	50	51	55	57	58	61	62	64	66	67	68	71	75	83	101	112	122	155	181	184	199	211	215	244	278
172	1	2
175	2	2	38
181	19	2	3	7	15	28	31	34	38	45	50	61	64	66	71	101	122	166	199	244
184	4	2	38	122	166
187	1	2
192	1	38
196	7	2	32	38	100	122	304	438
199	4	2	38	166	181
202	1	2
204	1	38
208	1	2
211	1	166
215	4	2	34	38	166
219	2	2	38
221	2	34	38
225	3	2	34	38
228	1	2
244	4	2	38	166	181
245	1	32
254	1	38
256	1	38
264	1	38
267	1	38
270	1	38
276	2	2	38
278	3	2	38	166
283	2	2	38
284	2	2	38
286	1	38
289	1	34
304	2	54	196
346	1	2
387	1	38
405	1	68
438	1	196

128

4	16	11	33	57	75	82	96	108	173	197	205	211	227	314	333	334	348
9	1	108
11	44	4	12	30	32	33	37	40	50	65	76	78	79	108	116	118	135	139	143	147	205	206	209	210	211	213	216	220	221	224	227	234	240	251	255	261	262	265	268	277	289	293	294	312	347
12	85	11	20	30	32	33	35	37	46	49	50	51	57	59	62	65	75	76	78	79	81	84	96	99	108	116	135	143	146	147	163	173	175	183	194	196	197	205	206	207	210	211	213	216	220	224	227	240	250	251	256	261	262	263	265	267	268	270	275	276	278	280	282	286	288	289	293	307	310	312	314	324	333	334	346	348	349	362	376	391	400	423	430	431	434	449
17	11	57	96	108	146	173	205	227	251	319	346	434
18	15	40	57	76	96	108	118	139	163	196	197	205	220	240	261	310
20	19	12	37	50	95	108	118	139	147	205	208	210	211	216	221	224	227	240	289	294
30	8	11	12	50	108	139	207	208	261
32	5	11	12	57	173	256
33	7	4	11	12	96	108	207	261
35	2	12	207
37	15	11	12	20	40	50	96	108	196	211	224	234	251	261	278	305
40	19	11	18	37	57	62	76	96	108	118	139	147	210	224	234	262	265	275	329	344
46	7	12	53	76	96	108	118	139
47	3	96	205	256
49	3	12	96	209
50	28	11	12	20	30	37	57	59	61	76	108	118	139	147	173	205	207	213	224	234	240	252	255	256	262	265	275	276	303
51	1	12
53	10	46	82	108	208	227	314	334	335	346	376
57	24	4	12	17	18	32	40	50	61	108	139	196	205	209	210	211	213	224	227	240	251	293	305	344	356
59	9	12	50	63	108	139	147	213	403	421
61	5	50	57	108	173	205
62	14	12	40	108	118	139	206	208	210	224	227	234	261	289	294
63	2	59	108
65	3	11	12	76
72	2	139	209
75	8	4	12	108	139	207	209	227	305
76	27	11	12	18	40	46	50	65	108	118	139	147	163	206	210	211	213	221	224	234	240	250	252	255	261	262	294	310
78	8	11	12	108	143	209	224	240	261
79	3	11	12	196
81	1	12
82	5	4	53	207	224	261
84	1	12
85	1	196
88	1	240
95	2	20	139
96	24	4	12	17	18	33	37	40	46	47	49	108	207	209	211	213	220	224	240	265	280	293	305	312	344
99	1	12
108	54	4	9	11	12	17	18	20	30	33	37	40	46	50	53	57	59	61	62	63	75	76	78	96	118	139	146	173	175	183	205	206	207	209	211	213	227	240	251	252	255	256	293	305	306	307	310	312	314	344	346	348	349	376	400
116	2	11	12
118	26	11	18	20	40	46	50	62	76	108	146	147	163	173	210	216	221	227	234	251	256	261	268	276	278	293	427
119	1	205
135	5	11	12	139	205	210
139	37	11	18	20	30	40	46	50	57	59	62	72	75	76	95	108	135	147	205	207	210	211	227	234	251	255	256	261	262	267	270	278	286	294	303	329	335	348
143	8	11	12	78	146	205	207	240	256
146	9	12	17	108	118	143	163	207	209	252
147	15	11	12	20	40	50	59	76	118	139	173	211	213	240	348	423
163	7	12	18	76	118	146	205	227
173	18	4	12	17	32	50	61	108	118	147	209	213	224	240	261	293	305	344	356
175	3	12	108	227
183	4	12	108	207	261
188	1	196
194	1	12
196	10	12	18	37	57	79	85	188	205	220	227
197	3	4	12	18
205	32	4	11	12	17	18	20	47	50	57	61	108	119	135	139	143	163	196	209	210	213	220	224	240	250	252	261	265	293	305	344	356	376
206	10	11	12	62	76	108	220	227	240	256	261
207	18	12	30	33	35	50	75	82	96	108	139	143	146	183	211	252	280	310	401
208	6	20	30	53	62	255	305
209	21	11	49	57	72	75	78	96	108	146	173	205	220	227	251	312	314	334	335	362	365	434
210	17	11	12	20	40	57	62	76	118	135	139	205	211	251	262	265	286	289
211	19	4	11	12	20	37	57	76	96	108	139	147	207	210	221	240	255	256	265	270
213	16	11	12	50	57	59	76	96	108	147	173	205	227	251	255	256	261
216	6	11	12	20	118	227	256
220	9	11	12	18	96	196	205	206	209	240
221	10	11	20	76	118	211	234	250	256	267	278
224	19	11	12	20	37	40	50	57	62	76	78	82	96	173	205	261	277	286	344	349
227	29	4	11	12	17	20	53	57	62	75	108	118	139	163	175	196	206	209	213	216	240	250	256	261	278	293	305	310	356	448
234	15	11	37	40	50	62	76	118	139	221	240	250	255	256	268	286
240	28	11	12	18	20	50	57	76	78	88	96	108	143	147	173	205	206	211	220	227	234	251	256	261	265	268	319	366	376
250	6	12	76	205	221	227	234
251	15	11	12	17	37	57	108	118	139	209	210	213	240	262	265	312
252	8	50	76	108	146	205	207	261	312
255	16	11	50	76	108	139	208	211	213	234	256	263	267	276	278	286	324
256	24	12	32	47	50	108	118	139	143	206	211	213	216	221	227	234	240	255	262	267	289	293	294	347	356
261	24	11	12	18	30	33	37	62	76	78	82	118	139	173	183	205	206	213	224	227	240	252	310	347	401
262	9	11	12	40	50	76	139	210	251	256
263	2	12	255
265	10	11	12	40	50	96	205	210	211	240	251
267	5	12	139	221	255	256
268	6	11	12	118	234	240	286
270	3	12	139	211
275	3	12	40	50
276	6	12	50	118	255	289	294
277	2	11	224
278	7	12	37	118	139	221	227	255
280	3	12	96	207
282	1	12
286	7	12	139	210	224	234	255	268
288	1	12
289	7	11	12	20	62	210	256	276
293	13	11	12	57	96	108	118	173	205	227	256	314	348	434
294	7	11	20	62	76	139	256	276
303	2	50	139
305	11	37	57	75	96	108	173	205	208	227	334	427
306	1	108
307	2	12	108
310	7	12	18	76	108	207	227	261
312	8	11	12	96	108	209	251	252	348
314	8	4	12	53	108	209	293	344	356
319	3	17	240	344
324	2	12	255
329	2	40	139
333	2	4	12
334	5	4	12	53	209	305
335	3	53	139	209
344	10	40	57	96	108	173	205	224	314	319	362
346	4	12	17	53	108
347	3	11	256	261
348	7	4	12	108	139	147	293	312
349	3	12	108	224
356	6	57	173	205	227	256	314
362	3	12	209	344
365	1	209
366	1	240
376	5	12	53	108	205	240
391	1	12
400	2	12	108
401	2	207	261
403	1	59
421	1	59
423	2	12	147
427	2	118	305
430	1	12
431	1	12
434	4	12	17	209	293
448	1	227
449	1	12

99

1	1	252
3	1	252
7	26	8	9	18	21	26	27	30	34	40	50	53	62	77	96	147	169	199	209	215	219	305	307	308	326	403	433
8	8	7	34	50	58	63	169	252	305
9	8	7	21	40	57	96	173	205	305
12	22	15	18	21	26	27	37	38	40	57	58	60	70	96	173	184	199	205	225	234	254	287	308
14	6	33	34	61	83	169	252
15	15	12	18	21	26	33	34	40	50	53	61	68	83	209	252	305
18	13	7	12	15	21	30	34	38	50	53	58	252	305	355
20	1	252
21	15	7	9	12	15	18	40	53	57	96	173	205	209	252	305	308
22	4	33	34	199	209
26	6	7	12	15	34	252	305
27	6	7	12	33	34	61	252
30	4	7	18	209	252
33	22	14	15	22	27	34	40	50	53	55	57	62	65	68	83	169	199	209	215	234	241	252	305
34	30	7	8	14	15	18	22	26	27	33	37	40	48	50	53	58	65	83	95	96	107	147	215	216	221	225	234	241	252	289	294
36	1	53
37	4	12	34	53	252
38	4	12	18	61	252
40	15	7	9	12	15	21	33	34	53	56	58	68	209	215	252	305
41	1	53
48	2	34	50
50	17	7	8	15	18	33	34	48	53	58	62	68	83	95	209	215	252	305
52	1	252
53	29	7	15	18	21	33	34	36	37	40	41	50	55	56	57	66	95	96	101	173	181	199	205	215	252	256	306	308	355	358
55	5	33	53	56	169	252
56	3	40	53	55
57	10	9	12	21	33	53	61	209	252	305	308
58	13	8	12	18	34	40	50	63	76	95	147	252	326	403
59	1	252
60	3	12	61	252
61	12	14	15	27	38	57	60	66	101	181	205	208	355
62	7	7	33	50	83	169	225	252
63	2	8	58
64	1	252
65	3	33	34	252
66	3	53	61	252
68	5	15	33	40	50	252
70	1	12
72	1	252
76	3	58	169	305
77	2	7	252
80	2	169	252
83	12	14	15	33	34	50	62	166	199	208	215	252	289
85	2	209	252
87	1	252
88	1	252
95	5	34	50	53	58	252
96	10	7	9	12	21	34	53	209	252	305	308
101	7	53	61	169	199	209	252	305
107	1	34
112	1	252
119	1	252
147	4	7	34	58	252
165	1	252
166	2	83	252
169	12	7	8	14	33	55	62	76	80	101	199	225	256
173	7	9	12	21	53	209	252	305
181	3	53	61	252
184	1	12
199	11	7	12	22	33	53	83	101	169	209	252	305
205	9	9	12	21	53	61	209	252	305	308
208	3	61	83	252
209	19	7	15	21	22	30	33	40	50	57	85	96	101	173	199	205	215	225	353	359
211	1	252
215	10	7	33	34	40	50	53	83	209	252	271
216	1	34
219	1	7
221	1	34
225	6	12	34	62	169	209	252
228	1	252
229	1	252
234	3	12	33	34
241	3	33	34	252
244	1	252
252	67	1	3	8	14	15	18	20	21	26	27	30	33	34	37	38	40	50	52	53	55	57	58	59	60	62	64	65	66	68	72	77	80	83	85	87	88	95	96	101	112	119	147	165	166	173	181	199	205	208	211	215	225	228	229	241	244	254	256	271	303	308	314	319	350	352	355	358
254	2	12	252
256	4	53	169	252	305
271	2	215	252
287	1	12
289	2	34	83
294	1	34
303	1	252
305	22	7	8	9	15	18	21	26	33	40	50	57	76	96	101	173	199	205	256	308	314	355	358
306	1	53
307	1	7
308	9	7	12	21	53	57	96	205	252	305
314	2	252	305
319	1	252
326	2	7	58
350	1	252
352	1	252
353	1	209
355	5	18	53	61	252	305
358	3	53	252	305
359	1	209
403	2	7	58
433	1	7

65

1	1	71
2	2	12	71
7	1	71
8	1	71
12	2	2	135
14	1	71
15	2	71	252
20	1	252
22	1	71
24	1	71
26	1	71
27	1	71
28	1	71
31	1	71
34	1	71
38	1	71
40	1	71
41	1	71
42	1	71
48	1	71
49	1	284
50	1	71
55	1	71
58	1	71
59	1	252
62	2	71	252
64	1	71
65	1	252
66	1	71
67	1	71
68	1	71
71	43	1	2	7	8	14	15	22	24	26	27	28	31	34	38	40	41	42	48	50	55	58	62	64	66	67	68	77	80	83	101	108	112	122	166	169	181	192	199	215	244	256	309	350
77	1	71
80	1	71
83	2	71	252
89	1	252
95	1	252
96	1	252
101	1	71
107	1	252
108	1	71
112	1	71
122	1	71
135	1	12
166	1	71
169	1	71
173	1	252
181	1	71
192	1	71
194	1	252
199	1	71
215	1	71
221	1	252
225	1	252
244	1	71
252	20	15	20	59	62	65	83	89	95	96	107	173	194	221	225	254	256	267	276	278	359
254	1	252
256	2	71	252
267	1	252
276	1	252
278	1	252
284	1	49
309	1	71
350	1	71
359	1	252

86

2	1	24
3	1	24
6	4	13	24	29	36
7	1	24
8	1	24
12	1	29
13	3	6	29	94
14	1	24
15	1	24
16	4	24	28	29	36
20	1	24
22	3	24	29	157
23	3	24	29	36
24	82	2	3	6	7	8	14	15	16	20	22	23	25	26	27	28	29	31	34	38	40	41	42	45	47	48	50	54	55	58	60	61	62	64	65	66	67	68	70	71	73	74	77	78	83	89	92	94	96	101	108	112	122	124	128	145	150	154	157	159	160	162	164	166	174	181	185	191	193	199	212	218	219	222	232	244	253	264	272	368	374	380	387
25	2	24	29
26	1	24
27	2	24	29
28	2	16	24
29	26	6	12	13	16	22	23	24	25	27	36	60	73	74	94	124	128	159	160	174	185	218	222	232	272	368	374
31	1	24
34	1	24
36	8	6	16	23	29	60	124	154	159
38	1	24
40	1	24
41	1	24
42	1	24
45	1	24
47	1	24
48	1	24
50	1	24
54	1	24
55	1	24
58	1	24
60	3	24	29	36
61	1	24
62	1	24
64	1	24
65	1	24
66	1	24
67	1	24
68	1	24
70	1	24
71	1	24
73	2	24	29
74	2	24	29
77	1	24
78	1	24
83	1	24
89	1	24
92	1	24
94	3	13	24	29
96	1	24
101	1	24
108	1	24
112	1	24
122	1	24
124	3	24	29	36
128	2	24	29
145	1	24
150	1	24
154	2	24	36
157	2	22	24
159	3	24	29	36
160	2	24	29
162	1	24
164	1	24
166	1	24
174	2	24	29
181	1	24
185	2	24	29
191	1	24
193	1	24
199	1	24
212	1	24
218	2	24	29
219	1	24
222	2	24	29
232	2	24	29
244	1	24
253	1	24
264	1	24
272	2	24	29
368	2	24	29
374	2	24	29
380	1	24
387	1	24

75

2	7	57	67	107	181	205	216	225
3	13	38	43	57	67	72	96	107	122	166	181	211	289	377
7	1	166
10	2	38	85
12	3	43	131	166
15	1	57
16	1	166
17	1	54
27	2	67	166
28	1	67
31	1	67
34	3	67	122	166
37	2	57	166
38	19	3	10	43	54	57	64	65	67	72	85	93	166	181	205	216	225	241	352	384
40	5	57	67	122	166	181
41	1	67
43	8	3	12	38	45	64	67	72	173
45	14	43	54	64	67	72	83	88	91	107	166	181	252	352	408
50	1	57
52	1	66
54	9	17	38	45	57	64	66	96	122	252
57	26	2	3	15	37	38	40	50	54	66	67	68	96	122	147	166	173	181	184	205	210	211	243	265	275	287	303
61	1	131
62	4	67	122	166	181
64	8	38	43	45	54	67	166	181	250
65	2	38	166
66	9	52	54	57	67	72	166	181	216	289
67	37	2	3	27	28	31	34	38	40	41	43	45	57	62	64	66	68	72	77	83	84	88	91	96	99	122	131	166	169	173	194	205	216	243	244	250	276	384
68	3	57	67	72
72	12	3	38	43	45	66	67	68	131	155	166	181	352
77	2	67	166
83	4	45	67	166	181
84	1	67
85	4	10	38	122	166
88	2	45	67
91	2	45	67
93	2	38	166
96	7	3	54	57	67	122	166	181
99	1	67
107	4	2	3	45	155
122	16	3	34	40	54	57	62	67	85	96	166	181	216	225	241	283	384
131	4	12	61	67	72
147	1	57
155	4	72	107	166	289
166	38	3	7	12	16	27	34	37	38	40	45	57	62	64	65	66	67	72	77	83	85	93	96	122	155	171	173	181	184	194	199	204	205	216	225	276	283	378	384
169	1	67
171	1	166
173	4	43	57	67	166
181	16	2	3	38	40	45	57	62	64	66	72	83	96	122	166	194	250
184	2	57	166
194	3	67	166	181
199	1	166
204	1	166
205	5	2	38	57	67	166
210	1	57
211	2	3	57
216	6	2	38	66	67	122	166
225	4	2	38	122	166
241	2	38	122
243	2	57	67
244	1	67
250	3	64	67	181
252	2	45	54
265	1	57
275	1	57
276	2	67	166
283	2	122	166
287	1	57
289	3	3	66	155
303	1	57
352	3	38	45	72
377	1	3
378	1	166
384	4	38	67	122	166
408	1	45

59

2	1	7
3	1	7
7	50	2	3	10	14	15	17	20	24	26	27	28	31	32	34	38	40	41	42	48	50	55	61	62	64	67	70	71	80	83	101	112	122	147	164	166	169	181	184	215	219	225	256	267	276	278	287	293	305	320	388
8	2	34	83
10	1	7
14	1	7
15	2	7	58
17	1	7
20	2	7	58
24	1	7
26	1	7
27	1	7
28	1	7
31	1	7
32	1	7
34	4	7	8	58	63
38	1	7
40	4	7	58	95	169
41	1	7
42	1	7
48	1	7
50	1	7
55	1	7
58	6	15	20	34	40	62	83
59	1	83
61	1	7
62	2	7	58
63	1	34
64	1	7
67	1	7
70	1	7
71	1	7
80	1	7
83	6	7	8	58	59	95	225
95	3	40	83	215
101	1	7
112	1	7
122	1	7
147	1	7
164	1	7
166	1	7
169	6	7	40	326	388	416	436
181	1	7
184	1	7
215	2	7	95
219	1	7
225	2	7	83
256	1	7
267	1	7
276	1	7
278	1	7
287	1	7
293	1	7
305	1	7
320	1	7
326	1	169
388	2	7	169
416	1	169
436	1	169

66

2	4	27	28	31	244
7	3	27	28	31
14	1	27
15	3	27	28	31
17	1	27
20	1	27
22	3	27	28	31
27	42	2	7	14	15	17	20	22	28	31	34	35	38	40	42	54	58	61	66	67	69	71	75	77	79	80	83	101	108	122	166	175	181	186	187	192	199	202	235	244	245	280	306
28	29	2	7	15	22	27	31	38	44	61	66	67	71	77	80	101	108	166	176	177	199	244	247	260	273	279	295	301	336	371
31	26	2	7	15	22	27	28	35	38	66	71	97	98	166	171	187	188	190	199	200	201	202	205	217	235	242	311
34	1	27
35	2	27	31
38	3	27	28	31
40	1	27
42	1	27
44	1	28
54	1	27
58	1	27
61	2	27	28
66	3	27	28	31
67	2	27	28
69	1	27
71	5	27	28	31	202	244
75	1	27
77	2	27	28
79	1	27
80	2	27	28
83	1	27
97	4	31	98	200	418
98	3	31	97	201
101	2	27	28
108	2	27	28
122	1	27
166	3	27	28	31
171	1	31
175	1	27
176	2	28	177
177	2	28	176
181	1	27
186	1	27
187	5	27	31	201	202	311
188	1	31
190	1	31
192	1	27
199	3	27	28	31
200	2	31	97
201	6	31	98	187	202	217	311
202	6	27	31	71	187	201	306
205	1	31
217	3	31	201	311
235	2	27	31
242	1	31
244	4	2	27	28	71
245	1	27
247	1	28
260	1	28
273	1	28
279	1	28
280	1	27
295	1	28
301	1	28
306	2	27	202
311	4	31	187	201	217
336	1	28
371	1	28
418	1	97

63

2	1	15
3	1	15
7	1	15
8	1	15
9	1	15
14	1	15
15	62	2	3	7	8	9	14	17	18	20	22	24	26	27	28	31	32	34	38	40	41	42	45	48	50	54	55	59	61	62	64	66	67	71	77	80	83	95	101	121	122	161	166	181	187	192	196	199	201	202	209	215	220	233	235	244	245	305	306	308	309	328	344
17	1	15
18	1	15
20	1	15
22	1	15
24	1	15
26	1	15
27	1	15
28	1	15
31	1	15
32	1	15
34	1	15
38	1	15
40	1	15
41	1	15
42	1	15
45	1	15
48	1	15
50	1	15
54	1	15
55	1	15
59	1	15
61	1	15
62	1	15
64	1	15
66	1	15
67	1	15
71	1	15
77	1	15
80	1	15
83	1	15
95	1	15
101	1	15
121	1	15
122	1	15
161	1	15
166	1	15
181	1	15
187	1	15
192	1	15
196	1	15
199	1	15
201	1	15
202	1	15
209	1	15
215	1	15
220	1	15
233	1	15
235	1	15
244	1	15
245	1	15
305	1	15
306	1	15
308	1	15
309	1	15
328	1	15
344	1	15

51

2	2	80	83
7	2	80	83
8	1	83
11	1	83
14	2	83	225
15	4	80	83	278	283
20	6	83	107	216	221	225	289
22	2	80	83
24	1	83
29	1	83
34	2	83	290
38	1	83
40	2	80	83
41	1	83
42	1	83
48	2	80	83
50	2	80	83
55	1	83
62	6	83	107	221	225	234	289
64	1	83
65	1	83
71	2	80	83
80	21	2	7	15	22	40	48	50	71	83	107	169	216	221	225	234	237	268	270	289	294	321
83	48	2	7	8	11	14	15	20	22	24	29	34	38	40	41	42	48	50	55	62	64	65	71	80	89	96	101	107	112	164	199	208	211	216	221	225	234	237	256	267	270	276	278	283	286	289	290	294	321
89	1	83
96	1	83
101	1	83
107	7	20	62	80	83	225	267	283
112	1	83
164	1	83
169	1	80
199	1	83
208	1	83
211	1	83
216	4	20	80	83	278
221	5	20	62	80	83	278
225	10	14	20	62	80	83	107	267	270	278	289
234	3	62	80	83
237	2	80	83
256	1	83
267	4	83	107	225	270
268	1	80
270	4	80	83	225	267
276	1	83
278	6	15	83	216	221	225	289
283	3	15	83	107
286	1	83
289	6	20	62	80	83	225	278
290	2	34	83
294	2	80	83
321	2	80	83

48

2	1	66
7	1	66
14	2	66	101
15	1	66
17	1	66
22	2	66	68
24	1	66
26	3	66	68	101
27	2	66	68
28	1	66
31	1	66
34	1	66
38	1	66
40	3	66	68	101
41	1	66
42	1	66
45	1	66
48	1	66
50	2	66	101
54	1	66
55	2	66	101
57	1	66
58	1	66
61	1	66
62	1	66
64	1	66
65	1	66
66	47	2	7	14	15	17	22	24	26	27	28	31	34	38	40	41	42	45	48	50	54	55	57	58	61	62	64	65	67	68	71	83	96	101	108	112	122	164	166	181	192	199	211	215	283	284	325	361
67	1	66
68	7	22	26	27	40	66	83	181
71	2	66	101
83	2	66	68
96	1	66
101	8	14	26	40	50	55	66	71	284
108	1	66
112	1	66
122	1	66
164	1	66
166	1	66
181	2	66	68
192	1	66
199	1	66
211	1	66
215	1	66
283	1	66
284	2	66	101
325	1	66
361	1	66

35

2	1	50
14	1	50
15	1	50
22	1	50
24	1	50
27	1	50
28	1	50
34	1	50
38	1	50
40	2	50	55
41	1	50
48	1	80
50	33	2	14	15	22	24	27	28	34	38	40	41	55	62	64	66	67	71	80	83	96	101	166	169	184	205	210	215	265	275	287	298	313	320
55	2	40	50
62	1	50
64	1	50
66	1	50
67	1	50
71	1	50
80	2	48	50
83	1	50
96	1	50
101	1	50
166	1	50
169	1	50
184	1	50
205	1	50
210	1	50
215	1	50
265	1	50
275	1	50
287	1	50
298	1	50
313	1	50
320	1	50

52

15	2	27	31
16	1	98
18	2	27	31
26	3	27	31	201
27	14	15	18	26	28	31	77	83	96	108	169	187	245	252	315
28	15	27	31	33	38	44	55	77	83	177	199	205	206	244	252	273
30	3	31	187	202
31	41	15	18	26	27	28	30	32	33	38	40	42	55	64	77	78	83	96	97	98	164	166	169	171	173	181	187	188	190	199	200	201	202	205	206	207	208	235	242	252	258	311
32	1	31
33	3	28	31	187
38	2	28	31
40	1	31
42	1	31
44	1	28
55	2	28	31
64	1	31
77	8	27	28	31	83	133	137	199	252
78	1	31
83	4	27	28	31	77
96	2	27	31
97	3	31	98	200
98	5	16	31	97	201	258
108	1	27
133	1	77
137	1	77
164	1	31
166	1	31
169	2	27	31
171	1	31
173	1	31
177	1	28
181	1	31
187	8	27	30	31	33	201	202	207	252
188	1	31
190	1	31
199	3	28	31	77
200	2	31	97
201	5	26	31	98	187	207
202	4	30	31	187	252
205	2	28	31
206	2	28	31
207	3	31	187	201
208	1	31
235	1	31
242	1	31
244	1	28
245	1	27
252	6	27	28	31	77	187	202
258	2	31	98
273	1	28
311	1	31
315	1	27

67

1	1	64
2	2	64	194
3	1	64
7	1	64
10	1	64
14	1	64
15	1	64
16	1	64
20	2	64	283
22	1	64
24	1	64
26	1	64
27	1	64
28	1	64
30	1	64
31	1	64
34	1	64
38	1	64
40	1	64
41	1	64
42	1	64
48	1	64
55	1	64
58	1	64
62	1	64
64	64	1	2	3	7	10	14	15	16	20	22	24	26	27	28	30	31	34	38	40	41	42	48	55	58	62	65	66	67	68	71	72	77	79	80	83	84	86	89	92	93	99	101	109	112	122	123	125	126	164	166	181	194	199	204	219	228	239	244	254	264	271	283	387	429
65	1	64
66	1	64
67	1	64
68	1	64
71	1	64
72	2	64	84
77	1	64
79	1	64
80	1	64
83	1	64
84	6	64	72	122	166	229	399
86	1	64
89	1	64
92	1	64
93	1	64
99	2	64	166
101	1	64
109	1	64
112	1	64
122	2	64	84
123	1	64
125	1	64
126	1	64
164	1	64
166	3	64	84	99
181	1	64
194	2	2	64
199	1	64
204	1	64
219	1	64
228	1	64
229	1	84
239	1	64
244	1	64
254	1	64
264	1	64
271	1	64
283	2	20	64
387	1	64
399	1	84
429	1	64

43

2	3	17	61	351
4	1	345
5	11	7	9	15	18	57	61	173	308	345	359	364
7	4	5	17	61	309
9	6	5	54	252	345	351	359
15	2	5	351
17	18	2	7	18	34	54	122	166	181	306	308	309	345	351	353	358	359	364	400
18	8	5	17	61	309	328	345	351	409
22	2	61	351
34	2	17	61
53	2	353	359
54	4	9	17	61	351
57	2	5	351
61	17	2	5	7	18	22	34	54	148	166	306	308	328	345	351	353	358	359
63	1	252
108	1	351
122	1	17
148	2	61	351
166	3	17	61	351
169	1	351
173	1	5
181	1	17
209	2	345	353
252	10	9	63	306	333	345	353	358	359	364	372
305	1	345
306	4	17	61	252	345
308	7	5	17	61	309	345	351	359
309	5	7	17	18	308	345
328	3	18	61	359
333	2	252	351
344	2	345	351
345	14	4	5	9	17	18	61	209	252	305	306	308	309	344	351
351	24	2	9	15	17	18	22	54	57	61	108	148	166	169	308	333	344	345	353	359	362	364	372	391	412
353	6	17	53	61	209	252	351
358	3	17	61	252
359	10	5	9	17	53	61	252	308	328	351	364
362	1	351
364	5	5	17	252	351	359
372	2	252	351
391	1	351
400	1	17
409	1	18
412	1	351

45

1	1	203
3	1	35
11	9	26	35	51	55	79	105	109	112	203
26	5	11	53	83	139	213
35	11	3	11	44	53	56	69	83	119	209	261	347
40	6	51	55	105	112	175	203
42	9	50	53	55	83	118	119	139	163	396
44	3	35	55	164
50	4	42	55	105	203
51	9	11	40	53	56	76	119	213	220	312
53	15	26	35	42	51	55	75	78	79	105	112	116	164	175	195	203
55	10	11	40	42	44	50	53	83	139	213	256
56	4	35	51	117	203
62	3	109	112	203
69	1	35
75	3	53	118	119
76	2	51	203
78	1	53
79	3	11	53	119
83	8	26	35	42	55	112	116	117	175
105	6	11	40	50	53	396	398
107	1	203
109	4	11	62	211	396
112	7	11	40	53	62	83	139	211
116	2	53	83
117	3	56	83	118
118	4	42	75	117	203
119	5	35	42	51	75	79
139	5	26	42	55	112	203
163	1	42
164	3	44	53	261
175	3	40	53	83
195	1	53
203	13	1	11	40	50	53	56	62	76	107	118	139	211	221
209	1	35
211	3	109	112	203
213	3	26	51	55
220	1	51
221	1	203
256	1	55
261	2	35	164
312	1	51
347	1	35
396	3	42	105	109
398	1	105

42

2	1	215
8	1	215
15	2	147	215
20	1	215
22	2	147	215
27	1	215
28	1	215
31	1	215
34	2	147	215
38	1	215
40	2	147	215
42	1	215
50	2	147	215
55	1	215
58	1	215
59	1	215
61	1	215
62	1	215
64	1	215
66	2	147	215
71	1	215
77	1	215
80	1	215
83	2	147	215
95	1	215
96	1	215
101	2	147	215
147	13	15	22	34	40	50	66	83	101	169	192	215	252	271
169	2	147	215
173	1	215
181	1	215
184	1	215
192	1	147
199	1	215
210	1	215
211	1	215
215	40	2	8	15	20	22	27	28	31	34	38	40	42	50	55	58	59	61	62	64	66	71	77	80	83	95	96	101	147	169	173	181	184	199	210	211	252	271	298	378	382
252	3	147	215	271
271	3	147	215	252
298	1	215
378	1	215
382	1	215

44

7	1	22
8	1	22
9	1	22
14	1	22
17	1	22
20	1	22
22	43	7	8	9	14	17	20	26	27	30	31	34	40	41	42	50	54	55	57	58	59	61	62	64	67	71	79	80	83	96	101	107	147	181	184	199	215	225	244	278	283	302	305	326
26	1	22
27	1	22
30	1	22
31	1	22
34	1	22
40	1	22
41	1	22
42	1	22
50	1	22
54	1	22
55	1	22
57	1	22
58	1	22
59	1	22
61	1	22
62	1	22
64	1	22
67	1	22
71	1	22
79	1	22
80	1	22
83	1	22
96	1	22
101	1	22
107	1	22
147	1	22
181	1	22
184	1	22
199	1	22
215	1	22
225	1	22
244	1	22
278	1	22
283	1	22
302	1	22
305	1	22
326	1	22

42

2	1	77
7	1	77
15	1	77
22	1	77
26	1	77
27	1	77
28	2	77	187
31	1	77
34	1	77
38	1	77
40	1	77
42	1	77
48	1	77
50	1	77
61	1	77
64	1	77
66	1	77
67	1	77
71	1	77
77	40	2	7	15	22	26	27	28	31	34	38	40	42	48	50	61	64	66	67	71	78	79	83	85	101	103	133	137	140	144	151	166	178	181	244	251	302	355	407	443	447
78	1	77
79	1	77
83	1	77
85	1	77
101	1	77
103	1	77
133	1	77
137	1	77
140	1	77
144	1	77
151	1	77
166	1	77
178	1	77
181	1	77
187	1	28
244	1	77
251	1	77
302	1	77
355	1	77
407	1	77
443	2	77	447
447	2	77	443

44

1	1	42
2	5	30	35	42	75	175
7	2	30	42
14	2	30	42
15	1	42
22	1	42
26	1	42
27	1	42
28	1	42
30	6	2	7	14	42	64	83
34	1	42
35	2	2	42
38	4	42	51	75	175
40	1	42
41	1	42
42	41	1	2	7	14	15	22	26	27	28	30	34	35	38	40	41	48	50	51	52	55	64	66	67	71	75	77	78	79	82	83	101	112	164	166	175	181	199	288	346	349	381
48	1	42
50	1	42
51	4	38	42	52	278
52	2	42	51
55	1	42
64	2	30	42
66	1	42
67	1	42
71	1	42
75	3	2	38	42
76	1	381
77	1	42
78	1	42
79	1	42
82	1	42
83	2	30	42
101	1	42
112	1	42
164	1	42
166	1	42
175	3	2	38	42
181	1	42
199	1	42
278	1	51
288	1	42
346	1	42
349	1	42
381	2	42	76

36

7	3	50	205	265
8	3	57	62	199
14	1	40
15	5	40	57	96	205	211
22	1	40
26	1	40
34	3	40	184	211
37	5	40	50	83	169	184
40	29	14	15	22	26	34	37	41	50	57	62	64	66	83	95	96	165	169	184	205	210	215	225	265	275	276	287	298	313	320
41	1	40
42	1	50
50	8	7	37	40	42	57	83	96	205
57	5	8	15	40	50	83
62	2	8	40
64	1	40
66	1	40
71	3	184	210	298
83	7	37	40	50	57	96	169	211
95	1	40
96	5	15	40	50	83	184
165	2	40	184
169	5	37	40	83	210	211
184	7	34	37	40	71	96	165	210
199	1	8
205	4	7	15	40	50
210	5	40	71	169	184	298
211	4	15	34	83	169
215	1	40
225	1	40
265	2	7	40
275	1	40
276	1	40
287	1	40
298	3	40	71	210
313	1	40
320	1	40

48

2	1	50
8	2	50	210
20	2	40	50
22	2	320	341
34	1	50
37	4	50	57	205	211
40	15	20	59	63	199	211	262	274	281	303	329	338	341	370	375	441
50	32	2	8	20	34	37	58	59	62	63	64	83	95	108	147	165	166	199	211	225	262	267	274	278	281	300	303	313	314	319	339	341	370
57	3	37	165	211
58	1	50
59	2	40	50
62	1	50
63	2	40	50
64	1	50
83	1	50
95	1	50
96	1	211
108	1	50
147	1	50
165	3	50	57	211
166	1	50
169	1	329
184	6	205	210	211	265	298	320
199	2	40	50
205	3	37	184	210
210	5	8	184	205	211	303
211	10	37	40	50	57	96	165	184	210	314	320
225	1	50
262	2	40	50
265	1	184
267	1	50
274	2	40	50
278	1	50
281	2	40	50
298	1	184
300	1	50
303	3	40	50	210
313	1	50
314	2	50	211
319	1	50
320	3	22	184	211
329	2	40	169
338	1	40
339	1	50
341	3	22	40	50
370	2	40	50
375	1	40
441	1	40

45

2	1	108
6	1	108
7	2	108	312
8	1	108
15	2	108	312
17	1	108
18	1	108
21	5	40	71	96	173	312
22	1	108
26	1	108
30	1	108
33	1	108
34	1	108
38	1	108
40	3	21	108	312
42	1	108
49	3	71	108	252
50	1	108
55	1	108
57	1	312
58	1	108
61	1	108
64	1	108
66	1	108
71	4	21	49	108	312
80	1	108
83	1	108
95	1	108
96	4	21	108	252	312
101	1	108
107	1	108
108	40	2	6	7	8	15	17	18	22	26	30	33	34	38	40	42	49	50	55	58	61	64	66	71	80	83	95	96	101	107	122	166	173	181	195	199	205	215	225	252	254
122	1	108
166	1	108
173	3	21	108	312
181	1	108
195	1	108
199	1	108
205	2	108	312
215	1	108
225	1	108
252	5	49	96	108	312	334
254	1	108
312	10	7	15	21	40	57	71	96	173	205	252
334	1	252

44

3	37	6	10	12	14	16	18	20	26	27	28	33	34	36	37	38	40	55	57	62	64	65	66	83	112	122	155	164	172	173	194	199	204	215	219	221	256	276
6	1	3
10	2	3	122
12	3	3	54	122
14	1	3
16	2	3	122
18	1	3
20	1	3
26	1	3
27	1	3
28	2	3	33
33	6	3	28	38	47	122	203
34	2	3	54
36	2	3	122
37	1	3
38	3	3	33	56
40	3	3	54	122
47	1	33
54	7	12	34	40	62	64	83	122
55	2	3	122
56	2	38	57
57	3	3	56	122
62	2	3	54
64	3	3	54	122
65	2	3	122
66	1	3
83	3	3	54	122
112	1	3
122	18	3	10	12	16	33	36	40	54	55	57	64	65	83	155	173	203	219	221
155	2	3	122
164	1	3
172	1	3
173	2	3	122
181	1	439
194	1	3
199	1	3
203	2	33	122
204	1	3
215	1	3
219	2	3	122
221	2	3	122
256	1	3
276	1	3
439	1	181

45

3	2	16	36
6	9	12	14	16	23	24	29	36	185	218
11	1	36
12	2	6	36
13	1	36
14	1	6
15	1	36
16	12	3	6	22	23	36	41	45	61	64	94	100	155
22	3	16	36	60
23	4	6	16	36	124
24	1	6
25	1	36
27	1	36
29	2	6	36
33	1	36
36	36	3	6	11	12	13	15	16	22	23	25	27	29	33	38	48	59	60	66	68	73	74	83	94	122	124	128	145	150	154	155	160	166	169	218	222	395
38	1	36
41	1	16
45	1	16
48	1	36
59	1	36
60	2	22	36
61	1	16
64	1	16
66	1	36
68	1	36
73	1	36
74	1	36
83	1	36
94	2	16	36
100	1	16
122	2	36	154
124	2	23	36
128	1	36
145	1	36
150	1	36
154	3	36	122	166
155	2	16	36
160	1	36
166	2	36	154
169	1	36
185	1	6
218	2	6	36
222	1	36
395	1	36

94

1	2	76	88
2	3	15	284	360
3	4	364	384	386	440
4	3	96	369	386
10	1	34
14	3	64	76	267
15	10	2	37	53	54	57	101	199	244	360	386
18	4	59	166	284	392
22	10	49	53	59	76	80	101	267	282	360	440
26	5	33	101	199	229	270
31	2	77	284
33	2	26	42
34	1	10
37	3	15	96	381
38	4	54	66	199	219
40	4	96	101	298	360
42	2	33	62
46	1	360
49	1	22
52	2	80	101
53	10	15	22	80	96	181	204	265	284	369	402
54	4	15	38	199	384
57	6	15	61	101	199	360	381
59	3	18	22	101
61	2	57	360
62	14	42	66	80	101	166	181	204	227	256	268	383	397	402	440
64	3	14	350	383
66	7	38	62	282	358	383	384	386
67	1	384
76	9	1	14	22	80	108	227	268	284	360
77	1	31
80	8	22	52	53	62	76	101	241	256
88	2	1	239
95	3	101	360	388
96	4	4	37	40	53
101	24	15	22	26	40	52	57	59	62	80	95	199	239	241	256	282	283	316	318	353	360	369	386	388	402
108	3	76	284	386
163	2	252	414
165	1	166
166	4	18	62	165	276
173	1	422
181	4	53	62	384	394
192	2	268	282
194	2	229	422
199	15	15	26	38	54	57	101	283	284	307	328	360	369	386	402	431
204	3	53	62	284
215	1	442
219	1	38
227	3	62	76	283
229	2	26	194
239	5	88	101	282	284	436
241	3	80	101	360
244	1	15
252	1	163
256	3	62	80	101
265	2	53	386
267	2	14	22
268	3	62	76	192
270	1	26
276	1	166
280	2	302	383
282	7	22	66	101	192	239	360	369
283	5	101	199	227	360	397
284	11	2	18	31	53	76	108	199	204	239	369	383
298	2	40	360
302	2	280	358
307	1	199
316	1	101
318	2	101	408
325	1	384
328	2	199	353
350	1	64
353	2	101	328
358	2	66	302
360	21	2	15	22	40	46	57	61	76	95	101	199	241	282	283	298	381	386	388	392	394	440
364	1	3
369	7	4	53	101	199	282	284	386
381	4	37	57	360	383
383	6	62	64	66	280	284	381
384	7	3	54	66	67	181	325	397
386	11	3	4	15	66	101	108	199	265	360	369	414
388	3	95	101	360
392	2	18	360
394	2	181	360
397	3	62	283	384
402	4	53	62	101	199
408	1	318
414	2	163	386
422	2	173	194
431	1	199
436	2	239	445
440	4	3	22	62	360
442	1	215
445	1	436

40

6	2	15	52
14	1	15
15	29	6	14	16	36	37	40	52	57	60	62	67	96	107	160	165	173	199	205	211	215	225	227	228	241	256	275	303	433	437
16	1	15
22	1	52
34	1	318
36	1	15
37	1	15
40	3	15	213	318
52	3	6	15	22
57	5	15	165	213	318	389
60	3	15	213	389
62	1	15
67	1	15
83	1	318
96	3	15	213	318
107	1	15
160	2	15	437
165	2	15	57
173	3	15	213	318
199	3	15	213	318
205	2	15	318
211	1	15
213	7	40	57	60	96	173	199	389
215	1	15
225	1	15
227	1	15
228	1	15
241	2	15	433
256	1	15
275	2	15	303
282	1	318
303	2	15	275
307	1	318
318	13	34	40	57	83	96	173	199	205	282	307	319	333	389
319	1	318
333	1	318
389	4	57	60	213	318
433	2	15	241
437	2	15	160

36

2	1	64
7	1	64
10	1	57
27	1	64
28	1	64
34	1	64
38	1	64
40	1	64
43	1	57
45	1	57
48	1	64
50	1	64
56	1	57
57	17	10	43	45	56	64	84	99	100	131	155	194	196	215	228	250	310	342
64	18	2	7	27	28	34	38	40	48	50	57	66	72	83	96	112	164	199	241
66	1	64
72	4	64	99	194	225
83	1	64
84	1	57
96	1	64
99	2	57	72
100	1	57
112	1	64
131	1	57
155	1	57
164	1	64
194	2	57	72
196	1	57
199	1	64
215	1	57
225	1	72
228	1	57
241	1	64
250	1	57
310	1	57
342	1	57

38

2	5	6	16	36	73	128
3	3	6	16	36
6	19	2	3	16	23	25	33	36	38	43	54	66	73	94	122	124	159	166	196	222
16	26	2	3	6	23	24	30	33	35	36	38	43	64	66	73	75	84	94	99	122	140	166	177	194	222	273	432
23	3	6	16	36
24	1	16
25	3	6	36	122
30	1	16
33	3	6	16	36
35	1	16
36	21	2	3	6	16	23	25	33	38	45	54	56	64	74	94	122	124	159	166	222	232	272
38	3	6	16	36
43	2	6	16
45	1	36
54	2	6	36
56	1	36
64	2	16	36
66	2	6	16
73	4	2	6	16	122
74	1	36
75	1	16
84	1	16
94	3	6	16	36
99	1	16
122	5	6	16	25	36	73
124	2	6	36
128	1	2
140	1	16
159	2	6	36
166	3	6	16	36
177	1	16
194	1	16
196	1	6
222	3	6	16	36
232	1	36
272	1	36
273	1	16
432	1	16

38

1	3	14	65	71
2	2	14	65
7	1	14
14	30	1	2	7	22	24	34	38	40	41	50	52	62	65	67	71	72	83	85	87	88	91	93	102	110	111	120	166	225	352	435
22	1	14
24	1	14
34	1	14
38	2	14	65
40	1	14
41	3	14	65	85
50	1	14
52	8	14	58	59	65	85	87	197	300
58	1	52
59	2	52	300
62	1	14
65	11	1	2	14	38	41	52	85	87	111	122	166
67	1	14
71	2	1	14
72	2	14	87
83	1	14
85	6	14	41	52	65	410	421
87	4	14	52	65	72
88	1	14
91	1	14
93	1	14
102	1	14
110	1	14
111	2	14	65
120	1	14
122	1	65
166	2	14	65
197	1	52
225	1	14
300	2	52	59
352	1	14
410	2	85	421
421	2	85	410
435	1	14

42

1	1	26
2	1	26
7	1	26
14	1	26
15	1	26
20	1	26
22	1	26
26	41	1	2	7	14	15	20	22	27	28	30	34	40	41	42	46	48	50	54	55	59	66	67	70	77	78	79	82	83	92	112	114	122	123	164	166	170	181	219	300	304	450
27	1	26
28	1	26
30	1	26
34	1	26
40	1	26
41	1	26
42	1	26
46	1	26
48	1	26
50	1	26
54	1	26
55	1	26
59	1	26
66	1	26
67	1	26
70	1	26
77	1	26
78	1	26
79	1	26
82	1	26
83	1	26
92	1	26
112	1	26
114	1	26
122	1	26
123	1	26
164	1	26
166	1	26
170	1	26
181	1	26
219	1	26
300	1	26
304	1	26
450	1	26

53

2	2	10	53
3	1	10
4	10	7	10	11	18	21	22	39	49	50	108
7	4	4	10	59	208
10	32	2	3	4	7	11	14	15	20	22	27	28	31	32	38	39	40	42	46	50	53	55	58	59	62	63	68	71	77	99	101	122	259
11	8	4	10	14	22	41	48	256	286
14	3	10	11	65
15	1	10
18	1	4
20	1	10
21	1	4
22	10	4	10	11	27	39	40	46	50	71	215
27	2	10	22
28	1	10
31	1	10
32	1	10
34	2	53	71
38	1	10
39	9	4	10	22	147	205	210	211	215	265
40	4	10	22	50	71
41	1	11
42	1	10
46	3	10	22	112
48	2	11	62
49	1	4
50	4	4	10	22	40
53	3	2	10	34
55	1	10
58	1	10
59	3	7	10	208
62	2	10	48
63	2	10	95
65	1	14
68	1	10
70	1	99
71	4	10	22	34	40
77	1	10
95	1	63
99	2	10	70
101	1	10
108	1	4
112	1	46
122	1	10
147	1	39
205	1	39
208	2	7	59
210	1	39
211	1	39
215	2	22	39
256	1	11
259	1	10
265	1	39
286	1	11

35

1	1	55
2	1	55
7	1	55
14	1	55
15	1	55
22	1	55
24	1	55
26	1	55
27	1	55
28	1	55
34	1	55
41	1	55
42	1	55
48	1	55
50	1	55
55	34	1	2	7	14	15	22	24	26	27	28	34	41	42	48	50	65	66	67	77	83	86	89	92	105	108	112	117	122	181	219	244	252	264	429
65	1	55
66	1	55
67	1	55
77	1	55
83	1	55
86	1	55
89	1	55
92	1	55
105	1	55
108	1	55
112	1	55
117	1	55
122	1	55
181	1	55
219	1	55
244	1	55
252	1	55
264	1	55
429	1	55

45

2	1	78
7	1	78
15	1	78
22	1	78
24	1	78
27	1	78
28	1	78
31	1	78
32	1	78
35	1	78
38	1	78
40	1	78
41	1	78
42	1	78
50	1	78
55	1	78
64	1	78
66	1	78
67	1	78
69	2	78	133
77	1	78
78	41	2	7	15	22	24	27	28	31	32	35	38	40	41	42	50	55	64	66	67	69	77	79	80	82	83	108	140	143	144	146	164	166	177	181	186	187	202	252	277	331	387
79	2	78	82
80	1	78
82	2	78	79
83	1	78
108	1	78
133	1	69
137	1	143
140	2	78	273
143	2	78	137
144	1	78
146	1	78
164	1	78
166	1	78
177	1	78
181	1	78
186	1	78
187	1	78
202	1	78
252	1	78
273	1	140
277	1	78
331	1	78
387	1	78

45

27	2	201	220
31	6	223	244	246	269	291	292
97	11	98	152	158	167	171	189	190	198	200	285	357
98	12	97	134	149	156	167	168	189	190	220	230	327	367
134	3	98	167	168
149	5	98	156	201	223	230
152	6	97	153	171	200	373	379
153	5	152	214	285	337	373
156	5	98	149	201	230	257
158	2	97	200
167	4	97	98	134	189
168	3	98	134	367
171	4	97	152	200	379
187	9	188	217	220	235	242	266	269	291	306
188	1	187
189	4	97	98	167	190
190	3	97	98	189
198	2	97	285
200	5	97	152	158	171	285
201	9	27	149	156	217	220	223	230	231	257
202	4	217	220	235	306
213	1	220
214	2	153	285
217	4	187	201	202	242
220	6	27	98	187	201	202	213
223	5	31	149	201	230	231
230	7	98	149	156	201	223	231	257
231	4	201	223	230	257
235	2	187	202
242	2	187	217
244	1	31
246	2	31	291
257	4	156	201	230	231
266	1	187
269	3	31	187	292
285	7	97	153	198	200	214	337	357
291	4	31	187	246	292
292	3	31	269	291
306	2	187	202
327	1	98
337	3	153	285	373
357	2	97	285
367	2	98	168
373	4	152	153	337	379
379	3	152	171	373

53

1	1	14
4	2	19	21
7	3	8	14	19
8	3	7	19	135
14	3	1	7	19
18	1	19
19	35	4	7	8	14	18	20	22	26	32	36	38	40	42	44	45	48	50	58	59	64	67	68	69	76	80	81	95	100	108	135	147	148	215	244	413
20	3	19	107	234
21	1	4
22	2	19	411
26	2	19	116
32	1	19
35	1	67
36	1	19
38	2	19	70
39	1	50
40	1	19
42	1	19
44	2	19	82
45	2	19	55
48	2	19	112
50	2	19	39
51	1	100
55	2	45	68
58	1	19
59	2	19	215
64	1	19
67	2	19	35
68	3	19	55	101
69	2	19	244
70	1	38
76	1	19
77	2	411	413
80	1	19
81	1	19
82	1	44
95	3	19	210	211
100	2	19	51
101	1	68
107	1	20
108	1	19
112	1	48
116	1	26
135	4	8	19	210	211
147	1	19
148	1	19
210	2	95	135
211	2	95	135
215	2	19	59
234	1	20
244	2	19	69
411	2	22	77
413	2	19	77

37

1	1	14
14	35	1	15	24	48	52	65	72	85	87	88	89	90	91	93	103	104	110	111	112	115	120	130	164	248	322	332	336	343	352	354	393	404	426	428	444
15	1	14
24	1	14
48	1	14
52	3	14	65	85
65	5	14	52	85	88	93
72	2	14	85
85	5	14	52	65	72	248
87	1	14
88	2	14	65
89	1	14
90	1	14
91	1	14
93	2	14	65
103	1	14
104	1	14
110	1	14
111	1	14
112	1	14
115	1	14
120	1	14
130	1	14
164	1	14
248	3	14	85	249
249	1	248
322	1	14
332	1	14
336	1	14
343	1	14
352	1	14
354	1	14
393	1	14
404	1	14
426	1	14
428	1	14
444	1	14

